YearMonthDay	Wind Speed Range	Min Relative Humidity	Dew Point Mean	Dew Point Variance	Correlation RH and WS	Correlation RH and DBT	Correlation WS and DBT

20070701	40.0	0.0	43.257286525747276	624.9856241110248	-0.1663863230440976	0.6126492093831369	0.1024520657364338
20070702	80.0	0.0	43.30948373262007	637.0499690870984	-0.1680060335564921	0.6217832242877797	0.0820212454146772
20070703	44.0	0.0	45.331646617751915	664.8773141527266	-0.1707741447249536	0.6316600826723565	0.02920183398530455
20070704	37.0	0.0	44.73220316680556	756.1105516220839	-0.1303728675339964	0.6810410763988378	0.06862017703491907
20070705	41.0	0.0	44.044602236489645	791.8741108147059	-0.14003220880402628	0.6917319327461712	0.06136568087093869
20070706	64.0	0.0	45.80418118466899	705.6320832256285	-0.1979171669913855	0.6314202307509842	0.09143895030642236
20070707	51.0	0.0	48.46495029914731	644.2359105394834	-0.20867114738595655	0.5849786642778098	0.14118903373536498
20070708	38.0	0.0	49.487639543978574	680.9509920131239	-0.16372175223542276	0.6316146871759112	0.1682678336037442
20070709	42.0	0.0	47.71681375774213	762.4912600521964	-0.16838847911341526	0.6812511648467756	0.03901567621080336
20070710	82.0	0.0	46.387206058190515	792.5132174761362	-0.11122886439706417	0.7210120698188767	0.06359590047504238
20070711	47.0	0.0	44.86981633104669	735.0527357708429	-0.1295717020466447	0.722947162575079	0.07569575665636508
20070712	39.0	0.0	46.402308424559735	573.0062345569646	-0.19881656957404126	0.6050037834367099	0.07054515560010434
20070713	43.0	0.0	45.88569690731296	591.7969755086526	-0.20662010320846858	0.612778788856437	0.09203549433937988
20070714	38.0	0.0	46.12726309485419	631.5229619800607	-0.15349108634892755	0.629277125733497	0.12906198421633197
20070715	43.0	0.0	46.460367526055954	664.4679849444353	-0.18511590252331586	0.6343925648147245	0.06584708510224654
20070716	38.0	0.0	48.18726186556282	636.1003109512698	-0.21060743555223307	0.6171669660083516	0.045522560891902146
20070717	38.0	0.0	44.317908874220755	832.8663661073616	-0.19288642869735514	0.736544691248542	0.0488795885092998
20070718	39.0	0.0	43.36320811401927	936.4618741792118	-0.1588701329815588	0.7840953762394797	0.07872789692796307
20070719	12.0	0.0	47.96666666666667	1286.148888888888	-0.0905651280631808	0.9295436692179059	-0.00267640296388133
